111111100000000011011000111111
000011111100010100001111100000
000111001111100000011110000001
000111111111111111111000000000
001111111111000000000000000010
000000111100101010101010010101
000000000000000111111000111100
111111100000000000000000000001
111111111111111111111111111110
111111111111111111111111111111
001111110000001111111100000010
111110001000000001111110101001
111111111100000000000111111110
000111110001001111100011111001
111001111111110000111110000110
110000001100000011000001110001
111100000000001111111111111110
000011111111100011100011111101
111111111100011111111111111110
000111111111111111100000000001